0 49 columbus POLYID
1 4         4.22995217
1 2         3.60117989
1 3         3.06471892
2 1         3.60117989
2 4         2.05766992
2 8         3.82844808
3 4         3.38496676
3 1         3.06471892
3 8         3.97152504
3 5         3.18567092
4 1         4.22995217
4 3         3.38496676
4 2         2.05766992
4 7         3.78307993
4 8         1.82214248
5 3         3.18567092
5 8         3.37551359
5 15         3.11578202
5 12         3.43930029
5 11         2.74874579
5 6         3.95297513
5 9         4.01139816
6 5         3.95297513
6 9         3.37427138
7 4         3.78307993
7 8         3.36340393
7 13         3.27844353
7 14         3.66956554
8 3         3.97152504
8 5         3.37551359
8 2         3.82844808
8 4         1.82214248
8 7         3.36340393
8 13         2.43180655
8 19         4.15992714
8 14         3.26377117
8 11         2.66602658
8 12         2.62383339
9 6         3.37427138
9 5         4.01139816
9 26          3.6144827
9 22         2.46099473
9 15         3.96093179
10 17         2.18689232
11 5         2.74874579
11 8         2.66602658
11 18         2.92478908
11 16         2.23402925
11 13         1.90262692
11 12        0.742156102
11 19         2.65663259
11 14         2.24207239
11 15           2.242701
11 25         3.73851513
12 5         3.43930029
12 11        0.742156102
12 8         2.62383339
12 18         2.40840247
12 13         1.21276613
12 19          2.0021252
12 14         1.50283101
12 24         4.06470111
12 15         2.75943791
12 16         2.09343854
12 25           3.933254
13 8         2.43180655
13 11         1.90262692
13 12         1.21276613
13 7         3.27844353
13 19         1.75034514
13 14        0.832409995
13 15         3.95167129
13 16         2.84690887
13 18         2.48805551
14 8         3.26377117
14 11         2.24207239
14 12         1.50283101
14 13        0.832409995
14 7         3.66956554
14 15          3.9507211
14 16         2.41759727
14 18          1.7341571
14 19        0.940848553
14 24         3.61862967
15 5         3.11578202
15 9         3.96093179
15 25         2.04533517
15 18         3.59884663
15 16         2.17462841
15 13         3.95167129
15 12         2.75943791
15 11           2.242701
15 19         3.85811134
15 14          3.9507211
15 24         4.12462338
15 22         4.02989924
15 26         2.33308884
16 11         2.23402925
16 15         2.17462841
16 18         1.45879734
16 13         2.84690887
16 12         2.09343854
16 19         1.92924796
16 14         2.41759727
16 24         2.22712998
16 25         2.13016735
16 26         3.65301613
16 29         4.04079613
16 30         3.79328605
17 10         2.18689232
17 20         3.15039717
17 23         2.08254342
18 11         2.92478908
18 12         2.40840247
18 15         3.59884663
18 16         1.45879734
18 13         2.48805551
18 19        0.836484357
18 14          1.7341571
18 21          4.0663111
18 24         1.88451296
18 25         3.37426842
18 30         4.16226879
19 8         4.15992714
19 11         2.65663259
19 12          2.0021252
19 13         1.75034514
19 15         3.85811134
19 16         1.92924796
19 18        0.836484357
19 14        0.940848553
19 24         2.70379363
19 25         4.01602017
20 17         3.15039717
20 22         3.70028426
20 35         4.07845485
20 33         3.03265734
20 27          2.7961391
20 23         2.97355153
20 32         3.92739185
21 18          4.0663111
21 24         3.02312419
21 30         4.21058091
22 9         2.46099473
22 20         3.70028426
22 26         2.26273972
22 25         4.05172576
22 15         4.02989924
22 28         3.28590728
22 27         1.93878697
22 33          3.1458691
23 17         2.08254342
23 20         2.97355153
23 32         2.78524881
24 12         4.06470111
24 15         4.12462338
24 16         2.22712998
24 19         2.70379363
24 14         3.61862967
24 18         1.88451296
24 21         3.02312419
24 25         2.87083927
24 29         3.44048276
24 30         2.42563603
24 37          3.6947675
25 15         2.04533517
25 22         4.05172576
25 18         3.37426842
25 16         2.13016735
25 12           3.933254
25 11         3.73851513
25 19         4.01602017
25 37           4.191087
25 30         2.74696288
25 24         2.87083927
25 26         1.78899384
25 28         2.77901133
25 29         2.26874612
26 9          3.6144827
26 22         2.26273972
26 25         1.78899384
26 16         3.65301613
26 15         2.33308884
26 29         2.87020905
26 30         3.98116747
26 27         3.20831636
26 28         2.24721951
26 33         4.04085099
27 20          2.7961391
27 26         3.20831636
27 22         1.93878697
27 35         2.44282723
27 28         2.73380713
27 38         4.05918711
27 33          1.2192627
28 22         3.28590728
28 27         2.73380713
28 25         2.77901133
28 26         2.24721951
28 29         1.61111779
28 37         3.64232151
28 30         3.06967425
28 43         3.41708947
28 38         2.13712324
28 33         2.83444585
28 35         2.94457128
28 44          4.0711796
29 26         2.87020905
29 28         1.61111779
29 25         2.26874612
29 16         4.04079613
29 37         2.29617054
29 30         1.45910912
29 24         3.44048276
29 35         4.23933923
29 38         2.28078771
29 43         3.43502416
30 25         2.74696288
30 26         3.98116747
30 28         3.06967425
30 29         1.45910912
30 18         4.16226879
30 16         3.79328605
30 24         2.42563603
30 21         4.21058091
30 37         1.53029407
30 38         3.16660652
30 43         4.00244855
31 36         1.77158252
31 34         2.86225352
31 42         3.44373313
32 23         2.78524881
32 20         3.92739185
32 40         2.59023294
32 41         2.39353431
33 20         3.03265734
33 26         4.04085099
33 22          3.1458691
33 35         1.28389937
33 27          1.2192627
33 28         2.83444585
33 44          3.2101406
33 43         4.18666788
33 38         3.46236601
34 31         2.86225352
34 42         2.12424104
34 36         3.05040982
35 20         4.07845485
35 27         2.44282723
35 33         1.28389937
35 29         4.23933923
35 28         2.94457128
35 48         4.11807115
35 44         1.92816096
35 43         3.10937377
35 38         2.68990691
36 31         1.77158252
36 34         3.05040982
36 46         3.08058494
36 39         3.38094571
36 42         2.39152603
37 25           4.191087
37 28         3.64232151
37 29         2.29617054
37 30         1.53029407
37 24          3.6947675
37 38         2.72029509
37 43         3.07275121
37 45         3.13383152
37 48         4.10834446
38 27         4.05918711
38 28         2.13712324
38 33         3.46236601
38 35         2.68990691
38 37         2.72029509
38 30         3.16660652
38 29         2.28078771
38 45          3.3975446
38 43         1.29096959
38 44         2.63761284
38 48         2.88501388
38 49         4.15322832
39 36         3.38094571
39 46         1.56486468
40 32         2.59023294
40 41         2.80301928
40 47          3.6384887
41 32         2.39353431
41 47         2.58381442
41 40         2.80301928
42 34         2.12424104
42 31         3.44373313
42 46         3.65505251
42 36         2.39152603
43 28         3.41708947
43 33         4.18666788
43 35         3.10937377
43 37         3.07275121
43 30         4.00244855
43 29         3.43502416
43 38         1.29096959
43 45          2.4129857
43 44         2.14755684
43 48          1.5945218
43 49         2.98283401
44 33          3.2101406
44 35         1.92816096
44 28          4.0711796
44 49         2.41580261
44 48         2.46343281
44 43         2.14755684
44 38         2.63761284
44 45         4.17369106
45 38          3.3975446
45 43          2.4129857
45 44         4.17369106
45 37         3.13383152
45 48         1.89066026
45 49         3.46620663
46 36         3.08058494
46 42         3.65505251
46 39         1.56486468
47 41         2.58381442
47 40          3.6384887
48 35         4.11807115
48 44         2.46343281
48 37         4.10834446
48 43          1.5945218
48 38         2.88501388
48 45         1.89066026
48 49         1.73643283
49 44         2.41580261
49 48         1.73643283
49 43         2.98283401
49 38         4.15322832
49 45         3.46620663
