0 3085 nat FIPSNO
27077 27007        0.797160895
27077 27029         1.28525829
27077 27113         1.33422906
27077 27135         0.91011146
27077 27071         1.23742946
53019 53017         1.37829784
53019 53047         1.22479416
53019 53065         0.66594555
53019 53051         1.24478193
53019 53063         1.40109548
53019 53043        0.901819763
53065 53043        0.996341767
53065 53019         0.66594555
53065 53051        0.597218977
53065 16021          1.4333713
53065 16017         1.25956983
53065 53063        0.898219691
53065 16055         1.36569382
53047 53019         1.22479416
53047 53007         1.10955306
53047 53017         0.81353458
53047 53025         1.37467661
53051 53063        0.922157056
53051 53065        0.597218977
53051 53019         1.24478193
53051 16021        0.836588177
53051 16017        0.715374599
53051 16055         1.03743832
53051 16009         1.45745107
16021 16055         1.11931369
16021 16017        0.489321038
16021 53051        0.836588177
16021 53065          1.4333713
16021 30053         1.08594643
30053 16017         1.21666468
30053 16021         1.08594643
30053 16079         1.28937447
30053 30029         1.37620399
30053 30089        0.913347192
30053 30061         1.45567829
30029 30047         0.65151256
30029 30089         1.24623201
30029 30053         1.37620399
30029 30035          1.1326237
30029 30063         1.26534616
30035 30029          1.1326237
30035 30101         1.30052081
30035 30073        0.902508491
30035 30099         1.14832669
30101 30099        0.986466795
30101 30073        0.687713566
30101 30035         1.30052081
30101 30051        0.676616671
30101 30013         1.38985896
30051 30099         1.41827275
30051 30073         1.25181298
30051 30101        0.676616671
30051 30013         1.29178424
30051 30041        0.917774622
30051 30015        0.899372261
30041 30015        0.815392372
30041 30051        0.917774622
30041 30005         1.16705752
30091 30083        0.933787552
30091 30085         0.66948064
30091 30019         1.04503942
30091 38023         1.02352879
30091 38105         1.09048338
38023 30091         1.02352879
38023 38013         0.97327746
38023 38105        0.469281936
38023 38061         1.28900138
38023 38053         1.07826144
38013 38053         1.37283325
38013 38105         1.06371252
38013 38023         0.97327746
38013 38025          1.4363459
38013 38075        0.859069425
38013 38101         1.12946997
38013 38061         0.61095389
38075 38061        0.866707061
38075 38013        0.859069425
38075 38057         1.42209185
38075 38009        0.826732093
38075 38101        0.510349122
38075 38049         1.13027804
38075 38055         1.15905605
38009 38055          1.2760604
38009 38101        0.904336376
38009 38075        0.826732093
38009 38079        0.990621196
38009 38049        0.588614187
38009 38069         1.01512235
38009 38083         1.30832509
38079 38083         1.29532588
38079 38069        0.536184998
38079 38049        0.955547813
38079 38009        0.990621196
38079 38095        0.604749145
38079 38019         1.38460894
38079 38071         1.22794515
38079 38005        0.844056054
38079 38103         1.19320855
38079 38027         1.40822085
38095 38005        0.627472393
38095 38103           1.173154
38095 38069        0.850410104
38095 38049         1.46243893
38095 38079        0.604749145
38095 38019        0.790404399
38095 38071         0.66864752
38095 38063         1.30177493
38095 38027          1.0241737
38095 38031         1.27961625
38019 38031         1.38165203
38019 38027         1.14323577
38019 38005         1.14947521
38019 38071        0.569265204
38019 38095        0.790404399
38019 38079         1.38460894
38019 38067        0.914153169
38019 38099        0.842837797
38019 38063         0.89191674
38019 38035         1.31786556
38019 38039         1.33166046
38067 38091         1.32167748
38067 38099        0.433689572
38067 38063         1.06320432
38067 38071          1.2789908
38067 38019        0.914153169
38067 27069        0.763997126
38067 27089         1.25375807
38067 38035        0.849886059
38067 38097         1.36584083
27069 38097          1.3722257
27069 38035         1.08499653
27069 38099         1.02146283
27069 38067        0.763997126
27069 27135        0.969288727
27069 27089          0.5928531
27069 27119         1.07197292
27069 27113         1.03046652
27069 27125         1.13236823
27135 27077         0.91011146
27135 27125        0.947805273
27135 27113        0.744924449
27135 27119          1.1615157
27135 27089        0.690267604
27135 27069        0.969288727
27135 27007          1.1863314
27135 27029         1.27358558
27135 27087          1.4499912
30005 30041         1.16705752
30005 30027         1.19616867
30005 30071         1.05920877
30071 30005         1.05920877
30071 30069         1.19238951
30071 30105         1.25114309
30071 30033         1.34363311
30105 30071         1.25114309
30105 30033         1.13655588
30105 30019         1.19798885
30105 30055         1.12859426
30019 30091         1.04503942
30019 30055         1.16924338
30019 30105         1.19798885
30019 30085        0.718371653
30019 30083         1.40119283
53073 53033         1.33608226
53073 53029         1.09866555
53073 53057        0.350505571
53073 53007         1.44988448
53073 53061        0.780470758
16017 16021        0.489321038
16017 30053         1.21666468
16017 16055        0.631684281
16017 53063         1.04825416
16017 53051        0.715374599
16017 53065         1.25956983
16017 16009         1.08314747
16017 16079         1.18552009
38101 38009        0.904336376
38101 38061        0.815803829
38101 38075        0.510349122
38101 38013         1.12946997
38101 38057        0.961655372
38101 38025         1.38539067
38101 38049         0.90250616
38101 38083         1.35626006
38101 38055        0.650317518
38101 38065         1.12485175
27071 27007         1.18738406
27071 27077         1.23742946
27071 27021         1.40665011
27071 27137         1.46098534
27071 27061        0.751484059
53057 53073        0.350505571
53057 53033        0.985685948
53057 53035         1.29478332
53057 53029           0.909336
53057 53007         1.26071944
53057 53061        0.430905974
38105 38013         1.06371252
38105 38023        0.469281936
38105 30083         1.21965571
38105 30091         1.09048338
38105 38033         1.45739582
38105 38061         1.13593252
38105 38053        0.610902011
38105 38025         1.30893974
38105 38007            1.32767
38049 38079        0.955547813
38049 38095         1.46243893
38049 38009        0.588614187
38049 38055        0.927066017
38049 38101         0.90250616
38049 38075         1.13027804
38049 38065         1.32025078
38049 38069        0.661568167
38049 38005         1.27692194
38049 38083        0.720517077
38049 38103          1.1674025
38049 38015         1.26998463
27137 27061         1.16605484
27137 27071         1.46098534
27137 27017         1.03583565
27137 27001         1.37595782
27137 27075         1.02320518
27137 55031         1.30003924
30085 30091         0.66948064
30085 30055         1.01570379
30085 30019        0.718371653
30085 30083        0.684087168
30085 30021         1.03836662
38061 38075        0.866707061
38061 38101        0.815803829
38061 38053         1.14169125
38061 38105         1.13593252
38061 38013         0.61095389
38061 38023         1.28900138
38061 38089         1.42444642
38061 38025        0.884280454
38061 38055         1.19158063
38061 38057         1.03449072
27089 27135        0.690267604
27089 27119        0.584827192
27089 38097         1.20568307
27089 38035         1.17556459
27089 38099          1.3587206
27089 27069          0.5928531
27089 38067         1.25375807
27089 27107         1.03447226
27089 27113        0.437952062
27089 27029         1.25224557
27089 27125        0.551652164
27089 27087         1.16817044
38071 38019        0.569265204
38071 38067          1.2789908
38071 38031        0.825991922
38071 38027        0.577680924
38071 38005        0.676235827
38071 38095         0.66864752
38071 38103         1.15936971
38071 38069         1.25194492
38071 38079         1.22794515
38071 38093          1.3092547
38071 38099         1.00891793
38071 38063        0.634705277
38071 38035         1.31647061
38071 38039        0.942577798
38071 38091         1.28498507
38099 38067        0.433689572
38099 27069         1.02146283
38099 27089          1.3587206
38099 38091        0.912019036
38099 38039         1.04804952
38099 38027         1.35214175
38099 38063        0.650155271
38099 38071         1.00891793
38099 38019        0.842837797
38099 38035        0.520826637
38099 27119         1.44929676
38099 38097         1.07016521
27007 27077        0.797160895
27007 27071         1.18738406
27007 27125         1.16440512
27007 27029        0.594401569
27007 27113         1.10044399
27007 27135          1.1863314
27007 27159         1.39129887
27007 27005         1.27550046
27007 27087         1.08811953
27007 27061         1.38739084
27007 27021         1.19557245
27007 27057        0.866152352
38069 38079        0.536184998
38069 38095        0.850410104
38069 38071         1.25194492
38069 38083        0.769596061
38069 38049        0.661568167
38069 38009         1.01512235
38069 38015         1.36581828
38069 38005         0.63066619
38069 38103        0.729336045
38069 38027         1.19365589
38069 38031         1.34699056
38069 38043          1.2839495
53007 53047         1.10955306
53007 53033         1.23686063
53007 53061         1.09637321
53007 53057         1.26071944
53007 53073         1.44988448
53007 53077         1.41544979
53007 53037        0.747294996
53007 53017        0.938337694
53007 53025          1.3381098
30073 30101        0.687713566
30073 30051         1.25181298
30073 30099        0.388605141
30073 30035        0.902508491
30073 30049         1.11422276
30073 30013         1.27162231
53009 53029         1.36693778
53009 53031        0.440529504
53009 53035         1.31924991
53009 53045        0.992761235
53009 53027        0.911138791
53009 53053         1.38872836
38005 38095        0.627472393
38005 38019         1.14947521
38005 38071        0.676235827
38005 38103        0.563542578
38005 38083         1.09508341
38005 38069         0.63066619
38005 38049         1.27692194
38005 38079        0.844056054
38005 38043         1.16715979
38005 38063         1.18835073
38005 38027        0.582590901
38005 38039         1.28583668
38005 38031        0.781699708
38005 38093         1.16505931
30015 30041        0.815392372
30015 30051        0.899372261
30015 30059         1.36176623
30015 30013         1.07532802
30015 30027         1.36152899
30015 30045        0.850268482
53061 53007         1.09637321
53061 53033         0.56098381
53061 53035         1.07884859
53061 53029         0.87658431
53061 53057        0.430905974
53061 53073        0.780470758
53061 53053         1.29547596
53061 53037         1.37308641
53029 53073         1.09866555
53029 53057           0.909336
53029 53061         0.87658431
53029 53035        0.546694551
53029 53031         1.11805553
53029 53009         1.36693778
53029 53067         1.26616925
53029 53053        0.865130218
53029 53045         1.01651777
53029 53033         1.01364171
30089 30029         1.24623201
30089 30053        0.913347192
30089 16035         1.12940074
30089 16079        0.823326829
30089 30047          1.0400388
30089 30063         1.36408005
30089 30061        0.542841475
27075 27137         1.02320518
27075 55031         1.28792584
27075 55007         1.13273002
27075 27031         0.94794101
38063 38067         1.06320432
38063 38099        0.650155271
38063 38031        0.834680113
38063 38039        0.465197744
38063 38027        0.742215489
38063 38005         1.18835073
38063 38071        0.634705277
38063 38019         0.89191674
38063 38095         1.30177493
38063 38093          1.2157708
38063 38035        0.738047652
38063 38091        0.657284655
38063 38097         1.12954708
38063 38003        0.993737862
38063 38017         1.36585731
38035 27069         1.08499653
38035 27089         1.17556459
38035 38091        0.538751217
38035 38099        0.520826637
38035 38067        0.849886059
38035 38039        0.912004103
38035 38063        0.738047652
38035 38071         1.31647061
38035 38019         1.31786556
38035 38003          1.1648028
38035 27119         1.06492362
38035 27113           1.425841
38035 27125         1.35644102
38035 38097        0.549397022
38035 27107         1.16096402
38035 38017         1.00896873
38035 27027         1.41223656
27119 27135          1.1615157
27119 27089        0.584827192
27119 38097        0.826875234
27119 38091         1.36444178
27119 38035         1.06492362
27119 38099         1.44929676
27119 27069         1.07197292
27119 27167         1.42049343
27119 27027        0.887349988
27119 27107         0.45016664
27119 38017         1.19383648
27119 27113        0.466595532
27119 27029         1.03681973
27119 27125        0.316862361
27119 27087        0.738173397
27119 27005         1.10825895
27113 27077         1.33422906
27113 27135        0.744924449
27113 27007         1.10044399
27113 27125        0.202896234
27113 27119        0.466595532
27113 27089        0.437952062
27113 38097         1.28167631
27113 38035           1.425841
27113 27069         1.03046652
27113 27027         1.25921383
27113 27107        0.850206204
27113 27029        0.815438007
27113 27087        0.771846156
27113 27005         1.18682039
53017 53019         1.37829784
53017 53047         0.81353458
53017 53007        0.938337694
53017 53037         1.16896194
53017 53025        0.581441547
53017 53043         1.27753327
53017 53001          1.3538049
53017 53021          1.4383795
38053 38013         1.37283325
38053 38061         1.14169125
38053 38105        0.610902011
38053 38023         1.07826144
38053 30083          1.1657396
38053 38087         1.29901862
38053 38033        0.920918596
38053 30109         1.14829844
38053 38025        0.865966952
38053 38007        0.718504628
38053 38089         1.19301584
53031 53029         1.11805553
53031 53009        0.440529504
53031 53049         1.19354746
53031 53027         0.61622096
53031 53035         0.93491748
53031 53045        0.552242187
53031 53053        0.959954657
53031 53067         1.14611746
53031 53069          1.4606107
30083 30091        0.933787552
30083 38105         1.21965571
30083 38053          1.1657396
30083 30085        0.684087168
30083 30055         1.24654896
30083 30019         1.40119283
30083 30021        0.623064402
30083 30079         1.23528926
30083 30109        0.878905441
30083 38033         1.11363384
30083 38007         1.41151442
30083 30025          1.4631692
30099 30101        0.986466795
30099 30051         1.41827275
30099 30073        0.388605141
30099 30035         1.14832669
30099 30049        0.729164224
30099 30077         1.19682133
30099 30013         1.03981552
30055 30019         1.16924338
30055 30085         1.01570379
30055 30083         1.24654896
30055 30105         1.12859426
30055 30033         1.25380359
30055 30021        0.977701289
30055 30079        0.891155378
30055 30017         1.40963282
16079 30053         1.28937447
16079 30089        0.823326829
16079 16055        0.871258361
16079 16017         1.18552009
16079 16061         1.23136016
16079 16069         1.34001721
16079 16057        0.979087804
16079 16009        0.778604305
16079 30061        0.913566672
16079 16035        0.717029118
53063 53051        0.922157056
53063 16017         1.04825416
53063 53065        0.898219691
53063 53043         1.01527909
53063 53019         1.40109548
53063 53013          1.4163496
53063 53023         1.19898492
53063 53075         0.73152084
53063 53001         1.32245236
53063 16055         0.70604083
53063 16009         0.84913619
53063 16057         1.06652081
53063 16069         1.45777292
53063 53003         1.44159578
30047 30029         0.65151256
30047 30089          1.0400388
30047 30061         1.03347379
30047 30063        0.631130842
30047 30077         1.39413595
30047 30039         1.40305155
27029 27077         1.28525829
27029 27007        0.594401569
27029 27125        0.775189054
27029 27113        0.815438007
27029 27119         1.03681973
27029 27089         1.25224557
27029 27135         1.27358558
27029 27111         1.21662691
27029 27027         1.30417435
27029 27005         0.70831174
27029 27087        0.499231491
27029 27107         1.10492076
27029 27021         1.22941241
27029 27057        0.660357398
27029 27159         1.07488811
16055 16021         1.11931369
16055 16017        0.631684281
16055 16079        0.871258361
16055 53063         0.70604083
16055 53051         1.03743832
16055 53065         1.36569382
16055 16069          1.3546539
16055 16057        0.861259207
16055 53075         1.12801556
16055 16009        0.459454374
16055 16035         1.44746748
16055 16061         1.46418709
30033 30105         1.13655588
30033 30055         1.25380359
30033 30071         1.34363311
30033 30103         1.09925475
30033 30069         1.26097571
30033 30087         1.08061839
27125 27135        0.947805273
27125 27007         1.16440512
27125 27113        0.202896234
27125 27029        0.775189054
27125 27119        0.316862361
27125 27089        0.551652164
27125 38097         1.14306752
27125 38035         1.35644102
27125 27069         1.13236823
27125 27027         1.05665114
27125 27107           0.652749
27125 27087        0.616550328
27125 27057         1.40697226
27125 27005          1.0290345
53025 53007          1.3381098
53025 53017        0.581441547
53025 53047         1.37467661
53025 53005        0.970194718
53025 53037         1.23041904
53025 53043          1.0969772
53025 53001        0.916954288
53025 53021        0.870142556
53025 53071         1.37940649
53043 53065        0.996341767
53043 53063         1.01527909
53043 53017         1.27753327
53043 53019        0.901819763
53043 53071          1.3459998
53043 53021         1.14539644
53043 53001        0.609452747
53043 53025          1.0969772
53043 53075         1.12162344
53043 53023         1.43744016
53043 53013         1.37702898
30049 30073         1.11422276
30049 30099        0.729164224
30049 30023         1.25712189
30049 30039         1.26786152
30049 30077        0.606224916
30049 30093         1.24774864
30049 30013         1.05975001
30049 30007         1.19426228
30049 30043         1.02200812
53035 53057         1.29478332
53035 53061         1.07884859
53035 53029        0.546694551
53035 53031         0.93491748
53035 53009         1.31924991
53035 53067        0.719521416
53035 53053        0.318459124
53035 53027         1.18178237
53035 53045        0.584657075
53035 53033        0.900119295
53035 53041         1.07715964
53035 53015         1.42364719
27061 27137         1.16605484
27061 27007         1.38739084
27061 27071        0.751484059
27061 27035         1.11923895
27061 27057         1.34645253
27061 27021        0.892815323
27061 27001        0.931055423
27061 27017         1.32791481
38083 38079         1.29532588
38083 38069        0.769596061
38083 38005         1.09508341
38083 38049        0.720517077
38083 38009         1.30832509
38083 38055        0.974497843
38083 38101         1.35626006
38083 38015        0.611723523
38083 38059         1.27212135
38083 38065         1.09122262
38083 38103        0.683248444
38083 38027         1.44859235
38083 38043        0.819416284
38083 38047          1.4158208
38083 38029         1.29695947
38103 38095           1.173154
38103 38071         1.15936971
38103 38005        0.563542578
38103 38083        0.683248444
38103 38069        0.729336045
38103 38049          1.1674025
38103 38079         1.19320855
38103 38029         1.42799049
38103 38015         1.01294098
38103 38043        0.621963514
38103 38027        0.769334703
38103 38039         1.43043925
38103 38031        0.789659458
38103 38093        0.930660231
38103 38047         1.14728119
38055 38009          1.2760604
38055 38049        0.927066017
38055 38083        0.974497843
38055 38061         1.19158063
38055 38101        0.650317518
38055 38075         1.15905605
38055 38037         1.29383952
38055 38065        0.494120664
38055 38057        0.596827867
38055 38025         1.32612166
38055 38015         1.06090751
38055 38059        0.893516343
38027 38019         1.14323577
38027 38071        0.577680924
38027 38099         1.35214175
38027 38063        0.742215489
38027 38005        0.582590901
38027 38095          1.0241737
38027 38103        0.769334703
38027 38083         1.44859235
38027 38069         1.19365589
38027 38079         1.40822085
38027 38047         1.38569643
38027 38093        0.741419325
38027 38043         1.14890507
38027 38039         0.71530255
38027 38091         1.20793322
38027 38031        0.262537943
38027 38003         1.14403644
38027 38045          1.3158675
38025 38013          1.4363459
38025 38101         1.38539067
38025 38061        0.884280454
38025 38055         1.32612166
38025 38053        0.865966952
38025 38105         1.30893974
38025 38087         1.23794493
38025 38089        0.550662419
38025 38007        0.825449303
38025 38033          1.2939741
38025 38057        0.789440036
38025 38065          1.3095284
38025 38037         1.40159052
38025 38041         0.94247725
38025 38001         1.27088319
30027 30005         1.19616867
30027 30015         1.36152899
30027 30107         1.01711782
30027 30045         1.06698061
30027 30069        0.982735704
30027 30037        0.886418934
30027 30065         1.12815457
30021 30083        0.623064402
30021 30055        0.977701289
30021 30085         1.03836662
30021 30017         1.21477066
30021 30079        0.625900057
30021 30109        0.717792456
30021 38033         1.10498427
30021 30025         1.04966272
53033 53073         1.33608226
53033 53057        0.985685948
53033 53007         1.23686063
53033 53061         0.56098381
53033 53035        0.900119295
53033 53029         1.01364171
53033 53041         1.09716202
53033 53067         1.18867429
53033 53053        0.983815815
53033 53045         1.42597813
53033 53037          1.1738318
30013 30051         1.29178424
30013 30015         1.07532802
30013 30099         1.03981552
30013 30073         1.27162231
30013 30101         1.38985896
30013 30043         1.38304874
30013 30007         0.98987221
30013 30049         1.05975001
30013 30045         1.11316832
30013 30059        0.846330448
38039 38099         1.04804952
38039 38063        0.465197744
38039 38035        0.912004103
38039 38031        0.645890848
38039 38027         0.71530255
38039 38005         1.28583668
38039 38071        0.942577798
38039 38019         1.33166046
38039 38103         1.43043925
38039 38021         1.37788399
38039 38045         1.04779918
38039 38093         0.86565076
38039 38091        0.512918882
38039 38097         1.07675283
38039 38003        0.549760859
38039 38017         1.12159799
38039 38073         1.16045856
38091 38067         1.32167748
38091 38099        0.912019036
38091 38035        0.538751217
38091 27119         1.36444178
38091 38031          1.1588053
38091 38039        0.512918882
38091 38027         1.20793322
38091 38063        0.657284655
38091 38071         1.28498507
38091 38045         1.29070883
38091 38003         0.62647627
38091 38093          1.3230303
38091 38097        0.563833986
38091 27107         1.27640801
38091 38017        0.708930646
38091 27027         1.36119202
38091 38073         1.00566468
38091 38077         1.42644686
38091 38081         1.35604424
38097 27069          1.3722257
38097 27089         1.20568307
38097 27119        0.826875234
38097 27113         1.28167631
38097 27125         1.14306752
38097 38091        0.563833986
38097 38035        0.549397022
38097 38099         1.07016521
38097 38067         1.36584083
38097 38039         1.07675283
38097 38063         1.12954708
38097 38081         1.43055748
38097 38073         1.11824753
38097 38017        0.528787761
38097 38003         1.04837222
38097 27107        0.717584959
38097 27087         1.35709935
38097 27027        0.879517046
38097 38077         1.21209946
38097 27167         1.30377588
53045 53029         1.01651777
53045 53035        0.584657075
53045 53033         1.42597813
53045 53031        0.552242187
53045 53009        0.992761235
53045 41007         1.45117932
53045 53069         1.08682591
53045 53049        0.944244677
53045 53027        0.598145064
53045 53053        0.458342687
53045 53067        0.595316579
53045 53041         1.13435679
53045 53015         1.28850185
53045 41009         1.42670668
30063 30047        0.631130842
30063 30089         1.36408005
30063 30029         1.26534616
30063 30081        0.975320204
30063 30061         1.07796146
30063 30077          1.0023643
30063 30039        0.799027811
30063 30023         1.30270754
30069 30071         1.19238951
30069 30033         1.26097571
30069 30111         1.18054516
30069 30065        0.638364286
30069 30037         1.18153038
30069 30027        0.982735704
30069 30103         1.33335212
30077 30099         1.19682133
30077 30049        0.606224916
30077 30047         1.39413595
30077 30023        0.811128212
30077 30039        0.675728463
30077 30063          1.0023643
30077 30081         1.41483257
30077 30043         1.10800634
30077 30093         1.00323398
53037 53007        0.747294996
53037 53017         1.16896194
53037 53025         1.23041904
53037 53033          1.1738318
53037 53061         1.37308641
53037 53077         0.66815642
53037 53039         1.25455002
53037 53005         1.46475765
38031 38019         1.38165203
38031 38071        0.825991922
38031 38063        0.834680113
38031 38039        0.645890848
38031 38091          1.1588053
38031 38027        0.262537943
38031 38005        0.781699708
38031 38095         1.27961625
38031 38103        0.789659458
38031 38069         1.34699056
38031 38051         1.45739743
38031 38047         1.16259709
38031 38093        0.483517471
38031 38043         1.01839324
38031 38003        0.966077397
38031 38045         1.06010241
38031 38021         1.40245877
38057 38075         1.42209185
38057 38101        0.961655372
38057 38055        0.596827867
38057 38061         1.03449072
38057 38001         1.39791853
38057 38041         1.07844989
38057 38089        0.959531492
38057 38025        0.789440036
38057 38015         1.40530809
38057 38065        0.534444548
38057 38059        0.807008575
38057 38037        0.969671908
38057 38085         1.43451412
53027 53031         0.61622096
53027 53035         1.18178237
53027 53045        0.598145064
53027 53009        0.911138791
53027 53053         1.02556794
53027 53067        0.975342358
53027 53049        0.599305118
53027 53015         1.45625874
53027 53069        0.921886061
53027 41007         1.17704992
53027 41009         1.39020711
27107 27089         1.03447226
27107 27119         0.45016664
27107 27113        0.850206204
27107 27029         1.10492076
27107 27125           0.652749
27107 38097        0.717584959
27107 38091         1.27640801
27107 38035         1.16096402
27107 27167        0.972531125
27107 27027        0.437516509
27107 38077         1.17073995
27107 38017        0.883539886
27107 27087        0.645002318
27107 27005        0.874606156
27107 27111         1.18604919
27107 27051         1.46485028
27087 27007         1.08811953
27087 27029        0.499231491
27087 38097         1.35709935
27087 27125        0.616550328
27087 27113        0.771846156
27087 27119        0.738173397
27087 27089         1.16817044
27087 27135          1.4499912
27087 27051         1.40834276
27087 27167         1.17109762
27087 27027        0.805221311
27087 27107        0.645002318
27087 27057        0.921652749
27087 27005        0.415205755
27087 27159         1.12065489
27087 27111        0.925392911
27087 27041         1.43996863
30061 30047         1.03347379
30061 30063         1.07796146
30061 30089        0.542841475
30061 30053         1.45567829
30061 16035        0.810289523
30061 16079        0.913566672
30061 16049         1.38629699
30061 30081         1.38365143
27021 27071         1.40665011
27021 27061        0.892815323
27021 27029         1.22941241
27021 27007         1.19557245
27021 27153         1.04795365
27021 27159        0.742970271
27021 27057        0.612648766
27021 27005         1.35068306
27021 27145         1.42529234
27021 27001        0.974851117
27021 27035        0.534362814
27021 27097        0.940088016
27021 27095         1.23004378
27021 27065         1.44129901
27021 27009         1.29404824
23003 23019         1.25455149
23003 23021         1.06862946
30045 30027         1.06698061
30045 30015        0.850268482
30045 30059        0.770827802
30045 30007         1.42348813
30045 30013         1.11316832
30045 30037         1.27774672
30045 30107        0.714280934
30045 30097         1.27407429
27057 27061         1.34645253
27057 27021        0.612648766
27057 27125         1.40697226
27057 27029        0.660357398
27057 27007        0.866152352
27057 27159        0.527996561
27057 27041         1.29295791
27057 27111         1.05909655
27057 27005        0.779219916
27057 27087        0.921652749
27057 27035         1.05588069
27057 27153         1.03916863
27057 27097         1.27780052
16009 16017         1.08314747
16009 16079        0.778604305
16009 53063         0.84913619
16009 53051         1.45745107
16009 16055        0.459454374
16009 16069        0.900767399
16009 16057        0.406916904
16009 53003         1.15706206
16009 53023         1.18367424
16009 53075        0.918590324
16009 16035         1.14160036
16009 16061         1.00825265
30109 38053         1.14829844
30109 30083        0.878905441
30109 30025        0.658638804
30109 30021        0.717792456
30109 30079         1.13678341
30109 38033        0.402704042
30109 38007          0.8720256
30109 38087        0.948002239
30109 38011         1.12633669
38033 38105         1.45739582
38033 38053        0.920918596
38033 38025          1.2939741
38033 30083         1.11363384
38033 30025        0.832817145
38033 30109        0.402704042
38033 30021         1.10498427
38033 38007        0.476778809
38033 38089         1.19706244
38033 38087         0.62736411
38033 38011        0.890625464
38033 46063         1.40454523
38007 38025        0.825449303
38007 30083         1.41151442
38007 38053        0.718504628
38007 38105            1.32767
38007 38011         0.92727743
38007 38087        0.585053365
38007 38033        0.476778809
38007 30025         1.25024486
38007 30109          0.8720256
38007 46063         1.45335434
38007 38089        0.752790862
38007 38041          1.0898759
38007 38001         1.26196905
38093 38071          1.3092547
38093 38063          1.2157708
38093 38027        0.741419325
38093 38039         0.86565076
38093 38091          1.3230303
38093 38031        0.483517471
38093 38103        0.930660231
38093 38005         1.16505931
38093 38051        0.993476704
38093 38047        0.735357058
38093 38029         1.45659913
38093 38043        0.823821094
38093 46089         1.24190137
38093 38003        0.888865345
38093 38045        0.672281314
38093 38073         1.40328405
38093 38021        0.983678147
38043 38005         1.16715979
38043 38103        0.621963514
38043 38027         1.14890507
38043 38031         1.01839324
38043 38093        0.823821094
38043 38083        0.819416284
38043 38069          1.2839495
38043 38029        0.832115939
38043 38015        0.685378568
38043 46021         1.23745815
38043 38047        0.605267565
38043 38045         1.34990042
38043 38051        0.934847281
38043 46089         1.33556511
38015 38069         1.36581828
38015 38083        0.611723523
38015 38103         1.01294098
38015 38043        0.685378568
38015 38055         1.06090751
38015 38049         1.26998463
38015 38085         1.04083702
38015 38037         1.32766129
38015 38059        0.856021834
38015 38065        0.877984992
38015 38057         1.40530809
38015 46031         1.46381286
38015 38047         1.11917674
38015 38029        0.730497642
38015 38051         1.34504328
38015 46021          1.2740033
53053 53061         1.29547596
53053 53029        0.865130218
53053 53035        0.318459124
53053 53033        0.983815815
53053 53031        0.959954657
53053 53009         1.38872836
53053 41009         1.40178954
53053 53069         1.20835177
53053 53049         1.20549857
53053 53067        0.401365954
53053 53027         1.02556794
53053 53045        0.458342687
53053 53041        0.813139151
53053 53015         1.11660198
38065 38049         1.32025078
38065 38083         1.09122262
38065 38055        0.494120664
38065 38015        0.877984992
38065 38101         1.12485175
38065 38037        0.818866115
38065 38057        0.534444548
38065 38041         1.31890766
38065 38089         1.35441197
38065 38025          1.3095284
38065 38059        0.402203137
38065 38029         1.37741943
38065 38085         1.04725944
38065 46031         1.41539563
53001 53063         1.32245236
53001 53043        0.609452747
53001 53017          1.3538049
53001 53005         1.20696989
53001 53021        0.559795485
53001 53025        0.916954288
53001 41059         1.40404399
53001 53075         1.04258752
53001 53023          1.1545711
53001 53013        0.949281169
53001 53071        0.757339236
53075 53063         0.73152084
53075 16055         1.12801556
53075 16009        0.918590324
53075 53043         1.12162344
53075 53013        0.714072418
53075 53023        0.469183341
53075 53071         1.16515818
53075 53021          1.4225792
53075 53001         1.04258752
53075 16057        0.815618335
53075 16069        0.965583353
53075 16061         1.28637874
53075 53003        0.773904924
53075 41063         1.36236141
38003 38035          1.1648028
38003 38091         0.62647627
38003 38097         1.04837222
38003 38031        0.966077397
38003 38039        0.549760859
38003 38027         1.14403644
38003 38063        0.993737862
38003 38021          0.9346581
38003 38045        0.669874435
38003 38093        0.888865345
38003 46013         1.37508021
38003 38017        0.824337295
38003 38073        0.634330176
38003 38077         1.31155141
38003 38081        0.940043089
38003 46091         1.27125363
38017 27119         1.19383648
38017 38097        0.528787761
38017 27107        0.883539886
38017 38039         1.12159799
38017 38063         1.36585731
38017 38091        0.708930646
38017 38035         1.00896873
38017 38081        0.914054833
38017 38073        0.632025247
38017 38045         1.37754551
38017 38003        0.824337295
38017 46091         1.22833375
38017 27027         0.76051671
38017 38077        0.735659886
38017 27167        0.974251349
38017 27155         1.39900387
38017 46109         1.33554331
30079 30083         1.23528926
30079 30021        0.625900057
30079 30109         1.13678341
30079 30055        0.891155378
30079 30017         0.63751577
30079 30025          1.0958613
27005 27007         1.27550046
27005 27029         0.70831174
27005 27021         1.35068306
27005 27057        0.779219916
27005 27125          1.0290345
27005 27113         1.18682039
27005 27119         1.10825895
27005 27051         1.05654221
27005 27167        0.979772724
27005 27111         0.52851588
27005 27027        0.814771644
27005 27087        0.415205755
27005 27107        0.874606156
27005 38077         1.43696519
27005 27149         1.38793758
27005 27155         1.40841267
27005 27159        0.785561936
27005 27153         1.16359487
27005 27041         1.02670679
27005 27121         1.36873659
27027 27119        0.887349988
27027 27113         1.25921383
27027 27029         1.30417435
27027 27125         1.05665114
27027 27107        0.437516509
27027 27087        0.805221311
27027 27005        0.814771644
27027 38097        0.879517046
27027 38091         1.36119202
27027 38035         1.41223656
27027 38081         1.38735583
27027 38077        0.776170494
27027 38073         1.24906341
27027 38017         0.76051671
27027 46109         1.33947978
27027 27111         0.91825222
27027 27167        0.536687163
27027 27051          1.0717273
27027 27041         1.41263245
27027 27155         1.11930608
27027 27149         1.39554485
53067 53029         1.26616925
53067 53035        0.719521416
53067 53033         1.18867429
53067 53053        0.401365954
53067 53031         1.14611746
53067 41009          1.0015477
53067 41007         1.24302027
53067 53069        0.855716122
53067 53049        0.944242764
53067 53027        0.975342358
53067 53045        0.595316579
53067 41067          1.3798766
53067 53041        0.545450526
53067 53059         1.27381656
53067 53015        0.733799007
53067 53011         1.18148707
53067 41051         1.42591145
16057 16079        0.979087804
16057 16055        0.861259207
16057 16009        0.406916904
16057 53063         1.06652081
16057 16069        0.494108455
16057 53003        0.789804429
16057 53013         1.29914898
16057 53023        0.917491444
16057 53075        0.815618335
16057 41063         1.31747638
16057 16035         1.06477366
16057 16061         0.64521099
30059 30015         1.36176623
30059 30045        0.770827802
30059 30043         1.28366935
30059 30007        0.660476733
30059 30013        0.846330448
30059 30107         1.04909497
30059 30097         1.22923451
30059 30031         1.08854951
53077 53007         1.41544979
53077 53037         0.66815642
53077 53059         1.25374644
53077 41065           1.368519
53077 53039        0.586395447
53077 41027         1.31039613
53077 53005         1.24613625
53077 41021         1.20369317
53077 41055         1.05751182
27001 27137         1.37595782
27001 27061        0.931055423
27001 27095         0.70474513
27001 27097         1.03809504
27001 27035        0.667440214
27001 27021        0.974851117
27001 27141          1.2143498
27001 27009         1.07886087
27001 27017        0.739994115
27001 27115        0.832754827
27001 55013         1.28613015
27001 27065         0.67145744
27001 27059         1.04857707
27001 27025         1.21376688
27001 27003         1.34031771
38089 38061         1.42444642
38089 38025        0.550662419
38089 38057        0.959531492
38089 38065         1.35441197
38089 38053         1.19301584
38089 38011         1.11336167
38089 38087        0.880580366
38089 38007        0.752790862
38089 38033         1.19706244
38089 38059         1.37367927
38089 38037         1.10881449
38089 38041        0.425193712
38089 38001        0.729072589
38089 46105         1.33310062
38059 38083         1.27212135
38059 38015        0.856021834
38059 38055        0.893516343
38059 38037        0.508085987
38059 38065        0.402203137
38059 38057        0.807008575
38059 38001         1.38956764
38059 38041         1.21238371
38059 38089         1.37367927
38059 38029         1.13249775
38059 38085        0.652708601
38059 46031         1.01344545
55007 27075         1.13273002
55007 55031        0.715132881
55007 55017         1.45745311
55007 55005         1.27519148
55007 55129        0.857802421
55007 55013         1.33482766
55007 55003        0.583095586
55007 55051         1.00299065
55007 55113        0.647491866
55007 55099         1.19388455
55007 55107         1.05182192
16035 30089         1.12940074
16035 30061        0.810289523
16035 16055         1.44746748
16035 16061        0.879844553
16035 16069         1.15002048
16035 16057         1.06477366
16035 16009         1.14160036
16035 16079        0.717029118
16035 16049        0.851859664
30017 30021         1.21477066
30017 30079         0.63751577
30017 30055         1.40963282
