0 49 columbus POLYID
1 3        0.579685619
1 2        0.598718256
1 4        0.748006893
1 8         1.02148643
1 5         1.08783333
1 6         1.27791373
2 4          0.3397537
2 1        0.598718256
2 8        0.649996809
2 3        0.711877393
2 7        0.766377986
2 5        0.998331546
3 5        0.523370177
3 4        0.560956411
3 1        0.579685619
3 8        0.663328103
3 2        0.711877393
3 6        0.805341086
4 8        0.316369063
4 2          0.3397537
4 7        0.542639226
4 3        0.560956411
4 5        0.690150766
4 13        0.729452009
5 11        0.463056862
5 8        0.522411968
5 3        0.523370177
5 15        0.555852615
5 12        0.576342558
5 4        0.690150766
6 9        0.542987843
6 5        0.753339538
6 10        0.784814966
6 3        0.805341086
6 22         1.01540412
6 15          1.0605767
7 13        0.377999982
7 8        0.392575479
7 14        0.465703562
7 4        0.542639226
7 12        0.546850128
7 11        0.634962243
8 4        0.316369063
8 7        0.392575479
8 13        0.432370157
8 12        0.452096498
8 11        0.456632328
8 5        0.522411968
9 22        0.480581475
9 6        0.542987843
9 26        0.651215782
9 15        0.687416123
9 5        0.716209637
9 10        0.737964769
10 17        0.389782556
10 9        0.737964769
10 20        0.765451808
10 23        0.773030235
10 6        0.784814966
10 22        0.892396709
11 12        0.127627587
11 13        0.320909677
11 16         0.35307825
11 15         0.38619791
11 14        0.394596944
11 8        0.456632328
12 11        0.127627587
12 13        0.200432049
12 14        0.267671211
12 16        0.344157518
12 19        0.368976264
12 18        0.411758406
13 14        0.143947579
13 12        0.200432049
13 11        0.320909677
13 19        0.331428933
13 7        0.377999982
13 8        0.432370157
14 13        0.143947579
14 19        0.197966128
14 12        0.267671211
14 18        0.373451383
14 11        0.394596944
14 16        0.433324135
15 16        0.337527751
15 25        0.362741435
15 11         0.38619791
15 26         0.42946293
15 12        0.477841361
15 18        0.523703033
16 18        0.186885605
16 15        0.337527751
16 12        0.344157518
16 19        0.345751449
16 11         0.35307825
16 25        0.375416293
17 23        0.383468707
17 10        0.389782556
17 20        0.516546975
17 32        0.836768707
17 22        0.892695225
17 27        0.935117756
18 16        0.186885605
18 19        0.213425989
18 24        0.237046082
18 14        0.373451383
18 12        0.411758406
18 11        0.471264663
19 14        0.197966128
19 18        0.213425989
19 13        0.331428933
19 16        0.345751449
19 24        0.365160612
19 12        0.368976264
20 27        0.466074705
20 23        0.482048128
20 17        0.516546975
20 33        0.526396207
20 22        0.573556429
20 32        0.706180191
21 24        0.618864158
21 34        0.682938796
21 19        0.744698074
21 18        0.788765409
21 30        0.853918195
21 14        0.897029677
22 27        0.323572836
22 26         0.40727945
22 9        0.480581475
22 33        0.555165224
22 20        0.573556429
22 28        0.602365707
23 17        0.383468707
23 32        0.456588028
23 20        0.482048128
23 10        0.773030235
23 40        0.804514596
23 41        0.859949444
24 18        0.237046082
24 19        0.365160612
24 16        0.388523409
24 30        0.464408856
24 25        0.521764157
24 14        0.560515043
25 26        0.313937595
25 15        0.362741435
25 16        0.375416293
25 29        0.388471467
25 18        0.480021693
25 30        0.507637539
26 25        0.313937595
26 22         0.40727945
26 15         0.42946293
26 28        0.438527418
26 29        0.500769034
26 27        0.553191274
27 33        0.231773633
27 22        0.323572836
27 35        0.462293079
27 20        0.466074705
27 28        0.471484049
27 26        0.553191274
28 29        0.320525153
28 38        0.329755735
28 26        0.438527418
28 35         0.46740552
28 27        0.471484049
28 33        0.489012109
29 30        0.294381549
29 28        0.320525153
29 37        0.369552263
29 25        0.388471467
29 38        0.407191764
29 26        0.500769034
30 29        0.294381549
30 37        0.380961589
30 24        0.464408856
30 25        0.507637539
30 38        0.591656322
30 28        0.610507702
31 36        0.324129309
31 34         0.53040886
31 42        0.655851131
31 46        0.838424809
31 39        0.843442875
31 21        0.970103785
32 41         0.41156499
32 40        0.432811034
32 23        0.456588028
32 20        0.706180191
32 17        0.836768707
32 47        0.851846631
33 27        0.231773633
33 35        0.257578045
33 28        0.489012109
33 20        0.526396207
33 44        0.550300827
33 22        0.555165224
34 42        0.404443887
34 31         0.53040886
34 36        0.610620905
34 21        0.682938796
34 46         1.00333043
34 39         1.14011807
35 33        0.257578045
35 44        0.302653756
35 38        0.458888367
35 27        0.462293079
35 28         0.46740552
35 43        0.522993615
36 31        0.324129309
36 42        0.510092652
36 46        0.515394575
36 39        0.557402207
36 34        0.610620905
36 21          1.2059454
37 38         0.29962306
37 43        0.360840525
37 29        0.369552263
37 30        0.380961589
37 45         0.48167571
37 28        0.519074039
38 43        0.227098904
38 37         0.29962306
38 28        0.329755735
38 29        0.407191764
38 35        0.458888367
38 48        0.480374885
39 46        0.272339535
39 36        0.557402207
39 31        0.843442875
39 42        0.894539411
39 34         1.14011807
39 21         1.76294399
40 32        0.432811034
40 41         0.46194129
40 47        0.665774044
40 23        0.804514596
40 20        0.808209854
40 33        0.821454005
41 32         0.41156499
41 40         0.46194129
41 47        0.469571353
41 23        0.859949444
41 20         1.08945979
41 17         1.24312389
42 34        0.404443887
42 36        0.510092652
42 31        0.655851131
42 46         0.69088102
42 39        0.894539411
42 21         1.08033376
43 38        0.227098904
43 48        0.254316854
43 37        0.360840525
43 45        0.416102391
43 44        0.429606237
43 49        0.501742931
44 35        0.302653756
44 49        0.404797251
44 43        0.429606237
44 48        0.442794896
44 38        0.508272626
44 33        0.550300827
45 48        0.343170295
45 43        0.416102391
45 37         0.48167571
45 38        0.592821523
45 49         0.59696281
45 44        0.770676459
46 39        0.272339535
46 36        0.515394575
46 42         0.69088102
46 31        0.838424809
46 34         1.00333043
46 21         1.66656081
47 41        0.469571353
47 40        0.665774044
47 32        0.851846631
47 23          1.3084345
47 44         1.34834832
47 35         1.43918196
48 43        0.254316854
48 49        0.292134661
48 45        0.343170295
48 44        0.442794896
48 38        0.480374885
48 37        0.563006526
49 48        0.292134661
49 44        0.404797251
49 43        0.501742931
49 45         0.59696281
49 35        0.700091363
49 38         0.70368671
